[[452.98194291110735, 162.29542806069836],
 [388.55558243647647, 282.56657605493103],
 [406.4340949300733, 190.20380741983087],
 [478.60123418026217, 73.42770395864201],
 [318.70236637470015, 201.12320884126513],
 [437.4760787432796, 116.33968801221863],
 [402.4979172573418, 180.4771730998927],
 [379.8263454972888, 151.09309508737317],
 [406.0927961585558, 197.85794812861096],
 [420.2171968262932, 206.56483087204208],
 [462.46511838617903, 171.84814318688308],
 [362.09860293803814, 218.57670870750155],
 [382.9697652296985, 214.26303594357037],
 [461.20951487496916, 183.47033761254585],
 [510.93516661494635, 118.12837027076614],
 [394.1251492675401, 147.46580531869955],
 [386.373120072525, 102.47020585186928],
 [370.4898040080867, 149.57649877912883],
 [466.08698137897534, 89.53927288744256],
 [381.2859113891584, 188.1740787972493],
 [441.7903441682827, 206.73679592390624],
 [323.221030088718, 243.63695073186219],
 [407.509564738191, 266.21647441425654],
 [355.71205801542453, 294.9456997806752],
 [362.49559091502965, 281.46706119869464],
 [317.60679637448396, 196.3284525486722],
 [363.29281434657116, 213.55442795899853],
 [331.88195027297377, 266.0788262367609],
 [387.3303091526209, 213.3246632040998],
 [391.269522275807, 247.04039429810408],
 [405.47288765414135, 176.01089227800665],
 [415.7825761297953, 160.37235386477334],
 [354.75730311600546, 256.43256038616397],
 [370.7062303268837, 149.46200134539924],
 [342.062094360404, 212.75847617620093],
 [370.7722907313284, 248.03885364034667],
 [340.5768714664115, 215.4182259837083],
 [325.29455442315657, 252.27618019418196],
 [347.40373629880844, 312.08103281472063],
 [407.19403344580826, 137.95906032575178],
 [410.58583294269795, 207.2296161555868],
 [298.89497923108365, 248.49574588571744],
 [438.67193915571875, 181.75857956624384],
 [286.89319229548744, 237.61284727442495],
 [382.2651327322484, 264.80642592384567],
 [326.1067318075667, 139.71180341423698],
 [418.6446438993518, 179.3613721985182],
 [424.1569010068207, 216.2562838205606],
 [376.94123077989394, 175.5915250214412],
 [417.53276682349144, 141.4134695952293],
 [447.05686851597807, 248.6967067934112],
 [426.34581652405984, 209.55384033640667],
 [463.9702039695759, 150.8378593877719],
 [389.4473379205375, 133.0743128670293],
 [384.9204130958435, 191.17849301850868],
 [403.67555130039125, 170.04257054624378],
 [419.5125722663453, 162.76341027052013],
 [386.4770162317821, 177.94905962617787],
 [442.661802329362, 142.79350480934613],
 [205.9713549010636, 468.03700961585264],
 [170.25228280132347, 353.5066439599555],
 [153.1595808407194, 316.17966238377164],
 [261.78082908328616, 345.47500762245147],
 [379.292491630362, 390.30090432191923],
 [224.5263098599131, 389.15198797227174],
 [312.37888741492884, 311.7073610040566],
 [390.82721943772333, 387.5636082329156],
 [270.6700224925413, 424.2877803229686],
 [212.7077244366222, 274.92607025958415],
 [374.9495707995525, 354.98492276750676],
 [168.52211760302959, 319.90241555921597],
 [356.45061516799024, 324.7575860292487],
 [217.7949081186301, 331.99564166085656],
 [409.0807136421171, 242.38777547369952],
 [366.6261742913075, 347.1734293914529],
 [209.49667117746188, 425.43542897204446],
 [281.52893077855947, 405.7928691754588],
 [175.20392408007575, 353.6358096328071],
 [333.48241183673184, 312.176981630651],
 [281.88594612995144, 329.5181390236503],
 [304.3399523099207, 488.44941042093245],
 [320.19591989283055, 358.19511126471446],
 [231.2060738898371, 421.18074270482384],
 [112.2720703256974, 265.91883405312757],
 [308.6022959630594, 359.7492744051558],
 [305.843469117238, 397.1775563498289],
 [213.05525019004514, 411.20269616506243],
 [227.53082879210595, 420.6217715870963],
 [195.11834092608683, 381.9898501035167],
 [227.66580381945388, 439.8825999345927],
 [181.4931388911071, 403.36251043305236],
 [168.9720904595626, 385.37202050565276],
 [147.55611812924127, 365.5585592830776],
 [303.4440367542307, 416.5568773319992],
 [315.7086156961263, 410.5053811155232],
 [408.0123390466398, 248.54224172840725],
 [228.35064393533185, 284.97176538208],
 [319.99063400697594, 433.6573216646052],
 [391.0251749831583, 356.9788756141754],
 [342.0520569594602, 406.62439784232276],
 [306.41455575305963, 420.89004301553905],
 [228.0260271861382, 415.21645463023776],
 [250.6222615919855, 338.8211220425754],
 [221.61046850422136, 441.4002345926833],
 [282.82876233042487, 402.05818588248906],
 [156.8688529107614, 376.2391951184577],
 [238.68908752915343, 406.83839422671593],
 [165.70273149027335, 351.756233591513],
 [264.8022648549822, 416.1035650181705],
 [351.8304108089788, 358.9616434044605],
 [342.65444979322626, 355.9950532539757],
 [243.78394943154717, 390.675588143882],
 [184.17776862968708, 311.65732901502565],
 [233.40571490664757, 413.6113753278279],
 [231.24627374158638, 391.2493735735968],
 [288.04903397720574, 522.0718919605845],
 [245.2859048770277, 450.98014603645663],
 [253.7610634520605, 390.56417117602143],
 [118.437511362567, 345.09290390247276],
 [227.93538736879214, 410.4128599776218],
 [303.034187636015, 355.36894464263867],
 [337.75258952818467, 242.8522222690511],
 [191.51232987575293, 304.942345109857],
 [233.09948405081371, 301.85046462270043],
 [316.9315693620988, 357.8472483074909],
 [254.36721956670715, 402.82077402680017],
 [262.239337418715, 345.74413128655345],
 [167.07087503682783, 341.7763812827841],
 [232.09697848964274, 391.23553895928467],
 [155.68571577115688, 337.86028136743994],
 [182.7838717640238, 248.4667558517841],
 [121.26012172295643, 234.64538931692547],
 [89.11697645825512, 242.1398167538073],
 [135.08986742649716, 235.07369322684673],
 [122.1114324838683, 291.11159320417846],
 [81.73333717866859, 236.0783209863744],
 [32.16564766961261, 249.53667484542206],
 [30.96067918604328, 215.34733132556823],
 [79.96253233433006, 236.38765863511637],
 [121.84366143138425, 240.2365405341204],
 [98.31745223495625, 240.58685644585597],
 [126.95863985648938, 234.78582497135113],
 [86.28379885924551, 226.88599678046495],
 [121.80159028891592, 227.35197139511098],
 [131.42110853453204, 181.4787895085433],
 [107.23077749230572, 221.88097974131057],
 [10.935166614946354, 216.02530891191384],
 [51.54747164716542, 173.85376080287074],
 [96.67370832272204, 153.69428225513474],
 [91.28612200636917, 121.84567821628531],
 [124.97016023309473, 100.50315313265347],
 [111.6405487929961, 121.55962464718147],
 [154.53903577342038, 156.5972587676183],
 [99.40364957399939, 115.22072794611395],
 [100.74154147676322, 232.25576770179225],
 [50.25418624763631, 138.0008749361245],
 [91.85826517389751, 129.68650520396176],
 [62.630674588318726, 171.2021898414792],
 [199.01254859601613, 22.071891960584566],
 [166.32880856883247, 97.10035465857868],
 [77.11996012709778, 210.03562466475688],
 [129.65863438527808, 180.43553461332002],
 [94.3108514306536, 222.36269898897223],
 [108.86714224900263, 212.756363469831],
 [88.39786421156765, 154.72481450098536],
 [54.6084816531353, 200.26384833381056],
 [120.00278186398248, 84.52954141317895],
 [89.57403387685486, 173.73570015327218],
 [133.07660412834264, 119.3764126602722],
 [121.46801604740958, 84.77922367753749],
 [73.1351539093902, 277.0064576764286],
 [46.0038511097226, 202.6179533464321],
 [116.5440169610244, 111.50698114124759],
 [63.8893076257298, 109.98462962904213],
 [108.60771159260719, 141.05730106569467],
 [104.19249704906693, 73.12126728150483],
 [121.11371576643168, 104.49803645692086],
 [73.30150502162181, 72.57838304705822]]